6823 483 43 599
19579 382 36 112
4663 192 19 680
19192 508 47 126
16622 541 48 385
4758 444 42 212
14820 755 62 960
5440 637 59 696
7253 477 44 747
17939 731 67 141
7877 1083 108 142
8881 476 44 802
4701 305 30 223
12089 640 53 883
12671 741 64 683
7951 485 45 440
4179 462 48 784
17315 835 73 617
15533 1105 98 120
15763 495 43 301
16141 397 33 832
19475 695 58 809
7991 255 25 456
15331 752 62 872
16057 796 62 229
18419 1053 82 382
15117 255 24 506
13779 854 74 423
4236 705 62 978
18106 493 45 293
10856 823 68 761
11178 837 58 947
9220 974 79 535
9621 576 52 441
7273 655 58 471
11348 858 78 690
8383 353 34 527
19501 844 78 873
19036 542 49 187
3766 688 67 139
19132 1010 72 277
19068 917 67 901
2335 380 42 707
5041 478 45 433
6276 609 52 658
8601 1004 84 408
6581 976 76 848
14097 611 52 401
19294 670 56 317
4880 822 77 237
10039 430 44 784
9943 718 62 883
4018 770 82 120
16849 1009 73 706
11349 469 43 113
1515 474 55 388
8004 316 31 346
14882 918 73 527
12779 471 42 518
11391 861 72 858
8872 685 69 103
2988 411 43 421
19464 1008 76 882
15382 943 70 233
10068 507 44 807
4982 983 78 929
16777 725 65 857
8124 439 40 750
13391 956 73 734
4989 974 79 675
18352 1210 97 458
8845 825 62 965
15060 1026 76 295
14349 673 55 319
6529 561 47 465
9095 867 70 421
8965 663 62 926
4465 538 43 611
13800 1572 93 351
1259 357 48 422
8515 543 49 744
10492 636 54 927
1088 466 61 964
2089 510 53 799
4401 665 60 647
5404 1328 92 814
8904 856 64 814
19928 876 61 639
13553 1354 98 533
5215 1288 101 444
18553 871 68 325
12749 1378 98 617
10007 290 30 439
17651 973 73 507
4254 934 81 654
12667 845 63 958
13459 288 26 559
16794 7118 87 149
8923 1473 92 721
11810 1260 103 317
