0.0000000000000000000000000
0.0000000000000000000000000
0.0000000000000000000000000
0.0000000020000000000000000
0.0000000042857997045666600
0.0000000007142002954333440
0.0000000006010934856416140
0.0000000073989065143583900
0.0000000000000000000000000
0.0000000101927965598346000
0.0000000088072034401653500
0.0000000060000000000000000
0.0000000080000000000000000
0.0000000061761467565633100
0.0000000152762152722927000
0.0000000168302038998737000
0.0000000083665705662199800
0.0000000013508635050502900
0.0000000099216935528679600
0.0000000010783064471320400
0.0000000047689440449044100
0.0000000176283464447713000
0.0000000161024917736092000
0.0000000021764436268732200
0.0000000063237741098419100
0.0000000036572708931481300
0.0000000033427291068518800
0.0000000140781923554178000
0.0000000206536396276157000
0.0000000137940226927727000
0.0000000095052545939275400
0.0000000054973254687796900
0.0000000034715652614865500
0.0000000020987980509799100
0.0000000126324799955263000
0.0000000052687219534938000
0.0000000074933330246770800
0.0000000095066669753229100
0.0000000128103768522723000
0.0000000051896231477277500
0.0000000019409672746372000
0.0000000146605932702702000
0.0000000003984394550926140
0.0000000101245161523713000
0.0000000149690802344912000
0.0000000149064036131375000
0.0000000140000000000000000
0.0000000042787096560955700
0.0000000177212903439045000
0.0000000069999999999999600
0.0000000000000000000000000
0.0000000064059542051574400
0.0000000015940457948426000
0.0000000230000000000000000
0.0000000077320985367661200
0.0000000132421173104645000
0.0000000020257841527693900
0.0000000030257243417612000
0.0000000019742756582388000
0.0000000041106455192476700
0.0000000060519156949709400
0.0000000037817889483170600
0.0000000037847166818069400
0.0000000092709331556573500
0.0000000050000000000000000
0.0000000020000000000000300
0.0000000016693822319184200
0.0000000006364948040740610
0.0000000016941229640075100
0.0000000010000000000000100
0.0000000010342160206450800
0.0000000069657839793549000
0.0000000031050375405844500
0.0000000012191256237384400
0.0000000105629341516770000
0.0000000129500352537224000
0.0000000086827752691510100
0.0000000110701480060089000
0.0000000103160174811196000
0.0000000038212050916246200
0.0000000062727215823736100
0.0000000049755285291603000
0.0000000040244714708396900
0.0000000079999999999999700
0.0000000097203760594235400
0.0000000112796239405765000
0.0000000140000000000000000
0.0000000011466485870527500
0.0000000048533514129472600
0.0000000087192707247775300
0.0000000062807292752224700
0.0000000020000000000000300
0.0000000042371333424030400
0.0000000147910366545729000
0.0000000121700456740869000
0.0000000098017843289370900
0.0000000000000000000000000
0.0000000000000000000000000
0.0000000000000000000000000
0.0000000000000000000000000
0.0000000042455164626602500
0.0000000062939889856772900
0.0000000024521871188787300
0.0000000010083074327837900
0.0000000000000000000000000
0.0000000034078703679274700
0.0000000161389280991943000
0.0000000092232859195357300
0.0000000052444398665727500
0.0000000143413853454342000
0.0000000123732822221729000
0.0000000082708081791625400
0.0000000087289213960151800
0.0000000015991783123119800
0.0000000041104020039316000
0.0000000123543524872507000
0.0000000049998075110076500
0.0000000138803475321401000
0.0000000012115423930822500
0.0000000123267461026732000
0.0000000000000000000000000
0.0000000000000000000000000
0.0000000000000000000000000
0.0000000000000000000000000
0.0000000000000000000000000
0.0000000000000000000000000
0.0000000130000000000000000
0.0000000000000000000000000
0.0000000042139939766492000
0.0000000057860060233508000
0.0000000000000000000000000
0.0000000047262317742007400
0.0000000014692563753970000
0.0000000072763757382724000
0.0000000184985523418629000
0.0000000249961149188851000
0.0000000048496499654718400
0.0000000061838188859100300
0.0000000000000000000000000
0.0000000073905607077652600
0.0000000109138889292787000
0.0000000134939339296035000
0.0000000048357972243130100
0.0000000236905365328429000
0.0000000066791410030905900
0.0000000140832565147224000
0.0000000125952245374739000
0.0000000073704685571622300
0.0000000109471920637475000
0.0000000063385852090031800
0.0000000098373139245930800
0.0000000128247541409424000
0.0000000019951629808153400
0.0000000101245070373115000
0.0000000097858695391050400
0.0000000030938071682294300
0.0000000000000000000000000
0.0000000070459714821393500
0.0000000062591296071668300
0.0000000044000710225422100
0.0000000002948278881516230
0.0000000133328578491180000
0.0000000016671421508819500
0.0000000000000000000000000
0.0000000053189203993512600
0.0000000016810796006487300
0.0000000019208521565457200
0.0000000060791478434542900
0.0000000000000000000000000
0.0000000036011062016092800
0.0000000129890327877949000
0.0000000104098610105959000
0.0000000039999999999999900
0.0000000000000000000000000
0.0000000050000000000000000
0.0000000029999999999999700
0.0000000140000000000000000
0.0000000060000000000000100
0.0000000010000000000000100
0.0000000135970686821156000
0.0000000504029313178844000
0.0000000086527563065759900
0.0000000128044864612528000
0.0000000100959963467792000
0.0000000304397865397689000
0.0000000140069743456231000
0.0000000029999999999999700
0.0000000000000000000000000
0.0000000042234065193488100
0.0000000256508881093394000
0.0000000123366012763836000
0.0000000037891040949281800
0.0000000000000000000000000
0.0000000190000000000000000
0.0000000148002405717116000
0.0000000031997594282884700
0.0000000089787351892881200
0.0000000128397268509956000
0.0000000230693176170988000
0.0000000226589193040473000
0.0000000286193273563646000
0.0000000443346309057793000
0.0000000004993427764263460
0.0000000000000000000000000
0.0000000000000000000000000
0.0000000000000000000000000
0.0000000020000000000000000
0.0000000037153401976344500
0.0000000022846598023655500
0.0000000000000000000000000
0.0000000098519194043301900
0.0000000011480805956698100
0.0000000000000000000000000
0.0000000162681295074421000
0.0000000132638094130565000
0.0000000038813425355815800
0.0000000122769736472480000
0.0000000063097448966717900
0.0000000000000000000000000
0.0000000150833800186741000
0.0000000049166199813258700
0.0000000000000000000000000
0.0000000056931733263000500
0.0000000171912796906590000
0.0000000011155469830409700
0.0000000027950819970116700
0.0000000073383465305208300
0.0000000091225413776032500
0.0000000064812947457535200
0.0000000072627353491107300
0.0000000074971923632279700
0.0000000150792268117999000
0.0000000055140652626813100
0.0000000009095155622907920
0.0000000016015903774638200
0.0000000173984096225362000
0.0000000000000000000000000
0.0000000000000000000000000
0.0000000000000000000000000
0.0000000059999999999999800
0.0000000079772505600513100
0.0000000021093382004882200
0.0000000120409360732439000
0.0000000116761492668766000
0.0000000041963258993400000
0.0000000010999635851388900
0.0000000260714743489043000
0.0000000086587812613934600
0.0000000022436474017493400
0.0000000111431733782384000
0.0000000027829600245755900
0.0000000116489305328066000
0.0000000101932146070199000
0.0000000094099027795354200
0.0000000055392585226245900
0.0000000043297597814505900
0.0000000088035328852042500
0.0000000020754008913586100
0.0000000032224011616395400
0.0000000057775988383604500
0.0000000080528154094568500
0.0000000052923056288410200
0.0000000176548789617021000
0.0000000110000000000000000
0.0000000000000000000000000
0.0000000004366667228505610
0.0000000215633332771495000
0.0000000079999999999999700
0.0000000089999999999999900
0.0000000052204657915790200
0.0000000067795342084210100
0.0000000000000000000000000
0.0000000000000000000000000
0.0000000208780652010668000
0.0000000111849026343891000
0.0000000041856521279266400
0.0000000111474254733112000
0.0000000126039545633063000
0.0000000000000000000000000
0.0000000140000000000000000
0.0000000060994313924273800
0.0000000097275209895259000
0.0000000021730476180467000
0.0000000115861014067667000
0.0000000052195327503105900
0.0000000247976645960726000
0.0000000016153446657963900
0.0000000114496786652418000
0.0000000133316779158120000
0.0000000019999999999999600
0.0000000070000000000000300
0.0000000020000000000000300
0.0000000000000000000000000
0.0000000000000000000000000
0.0000000020000000000000000
0.0000000011689689913802800
0.0000000035827931032335900
0.0000000003353165118709640
0.0000000059129213935151700
0.0000000044968606762950800
0.0000000047686379506469500
0.0000000037345013730579700
0.0000000030000000000000000
0.0000000000000000000000000
0.0000000145267637656001000
0.0000000189929392785001000
0.0000000081662497552624200
0.0000000038736436355510600
0.0000000073636653092345900
0.0000000000767382558517582
0.0000000029220031674374900
0.0000000000779968325625191
0.0000000000000000000000000
0.0000000063708640752265900
0.0000000166291359247734000
0.0000000000000000000000000
0.0000000000000000000000000
0.0000000062414047823395100
0.0000000147065469637508000
0.0000000060520482539096700
0.0000000143442370156501000
0.0000000186567614367486000
0.0000000069990015476012200
0.0000000069999999999999900
0.0000000060000000000000100
0.0000000089999999999999900
0.0000000000000000000000000
0.0000000069344002052499200
0.0000000030090790610323400
0.0000000118242900437075000
0.0000000082322306900102800
0.0000000105428293781817000
0.0000000117675513881324000
0.0000000029852723812907200
0.0000000054414236210959600
0.0000000082629232312992000
0.0000000000000000000000000
0.0000000005560128859680090
0.0000000154615116156260000
0.0000000033744455368824000
0.0000000147141653613466000
0.0000000153958273380468000
0.0000000074980372621301000
0.0000000000000000000000000
0.0000000237009419617291000
0.0000000042990580382709000
0.0000000060269845357331800
0.0000000199852872015763000
0.0000000049877282626905400
0.0000000019999999999999600
0.0000000095991127027821900
0.0000000254411338675190000
0.0000000149597534296988000
0.0000000077604771250017300
0.0000000032395228749982900
0.0000000178713225719778000
0.0000000011286774280222300
0.0000000048196796693647300
0.0000000106791494503152000
0.0000000058917757709249900
0.0000000116093951093951000
0.0000000030535258302799000
0.0000000079464741697200500
0.0000000021989285403537900
0.0000000094551688926417700
0.0000000108492204341046000
0.0000000144076131598641000
0.0000000137065903702458000
0.0000000096832099391409800
0.0000000156214088712252000
0.0000000140778597924238000
0.0000000103252670359671000
0.0000000151823902920697000
0.0000000094923426719631700
0.0000000200000000000000000
0.0000000000000000000000000
0.0000000023243776504608600
0.0000000016756223495392000
0.0000000009999999999999430
0.0000000053188540033983000
0.0000000026811459966017000
0.0000000025728175942895700
0.0000000004271824057104270
0.0000000031608578643099200
0.0000000013157672195631700
0.0000000095233749161269100
0.0000000060000000000000000
0.0000000026089722191313400
0.0000000056606732383471000
0.0000000087303545425215700
0.0000000148828306264501000
0.0000000311171693735499000
0.0000000032562932828538200
0.0000000119047417038863000
0.0000000152261235025654000
0.0000000122503181877269000
0.0000000144585454859491000
0.0000000039039778370184500
0.0000000094061065342850900
0.0000000272097626731967000
0.0000000153841307925182000
0.0000000011206466960550900
0.0000000076281055255990200
0.0000000044952455325415000
0.0000000115712366485930000
0.0000000081847655972113700
0.0000000004246125955022250
0.0000000111920643059803000
0.0000000073833230985174200
0.0000000030000000000000100
0.0000000050000000000000000
0.0000000030000000000000100
0.0000000066599172580807700
0.0000000043400827419192100
0.0000000137246971988290000
0.0000000022753028011709700
0.0000000155872978035076000
0.0000000072502855641166500
0.0000000041624166323757800
0.0000000000000000000000000
0.0000000039999999999999900
0.0000000030000000000000400
0.0000000000000000000000000
0.0000000104982653065828000
0.0000000015017346934171600
0.0000000000000000000000000
0.0000000026573428814876400
0.0000000239422613680679000
0.0000000048087118155702800
0.0000000141844576394846000
0.0000000204072262953895000
0.0000000070000000000000300
0.0000000194328096113791000
0.0000000061791761537454400
0.0000000033880142348754600
0.0000000114316940821988000
0.0000000146209746483265000
0.0000000095194819411268800
0.0000000054278493283478500
0.0000000123496696815900000
0.0000000056503303184099700
0.0000000000000000000000000
0.0000000045991987881996700
0.0000000105691191391914000
0.0000000130444102796789000
0.0000000181993314896322000
0.0000000205879403032978000
0.0000000062563217335414100
0.0000000037436782664585900
0.0000000039999999999999900
0.0000000149586573719628000
0.0000000171099467683209000
0.0000000019313958597162900
0.0000000270565560119907000
0.0000000097432441503774200
0.0000000090545695937201700
0.0000000056551587027885800
0.0000000004904715411231560
0.0000000013613935675954300
0.0000000057863235184467500
0.0000000018522829139577400
0.0000000235380178944416000
0.0000000245377434326197000
0.0000000009242386729387420
0.0000000007819940599644330
0.0000000000000000000000000
0.0000000000000000000000000
0.0000000000000000000000000
0.0000000000000000000000000
0.0000000000000000000000000
0.0000000027469736736388200
0.0000000020777530456084400
0.0000000020916867777349500
0.0000000000835865030177829
0.0000000147957738948179000
0.0000000002042261051821100
0.0000000160000000000000000
0.0000000040000000000000000
0.0000000000000000000000000
0.0000000041928294628945800
0.0000000101995258034985000
0.0000000119167460526514000
0.0000000096908986809555800
0.0000000099935865584571000
0.0000000157501136620352000
0.0000000251586401238844000
0.0000000084736783624710000
0.0000000068606455025725000
0.0000000054572299731274900
0.0000000063061058174523600
0.0000000070593539585993000
0.0000000040490588454222700
0.0000000098915871959784200
0.0000000062025224237201800
0.0000000048540095303112100
0.0000000078937267912221600
0.0000000127120128128891000
0.0000000233377284418573000
0.0000000020247190377483500
0.0000000059752809622516500
0.0000000068667827320501500
0.0000000011332172679498600
0.0000000009999999999999790
0.0000000014468652991517700
0.0000000017896500964428300
0.0000000047634846044054100
0.0000000000000000000000000
0.0000000035840092159450900
0.0000000132430597080105000
0.0000000101729310760444000
0.0000000070000000000000300
0.0000000000000000000000000
0.0000000081296045079828600
0.0000000186495303897396000
0.0000000042208651022775400
0.0000000001244286501066940
0.0000000088755713498932900
0.0000000118086293401372000
0.0000000061913706598627300
0.0000000019202399539814500
0.0000000173073588865216000
0.0000000093047794324912300
0.0000000144613555283902000
0.0000000029917891244698300
0.0000000139235029732031000
0.0000000060909741009425700
0.0000000074307738183986800
0.0000000115692261816013000
0.0000000000000000000000000
0.0000000198680952010112000
0.0000000101319047989888000
0.0000000203723823652838000
0.0000000026276176347162300
0.0000000008881349932149620
0.0000000311118650067850000
0.0000000016069363295319100
0.0000000092356959344809300
0.0000000021573677359872100
0.0000000000000000000000000
0.0000000064538052024542700
0.0000000062022993623541300
0.0000000023438954351916000
0.0000000000000000000000000
0.0000000001866575778232220
0.0000000066255950673589100
0.0000000076123370255169300
0.0000000005754103293009380
0.0000000020000000000000000
0.0000000035531352431413100
0.0000000163876174321698000
0.0000000120592473246889000
0.0000000036661150415940100
0.0000000092787452822206300
0.0000000030551396761853600
0.0000000046378631109571900
0.0000000109267170417146000
0.0000000051353249012946900
0.0000000157973656167313000
0.0000000025027293293022800
0.0000000057194196182608100
0.0000000092805803817391900
0.0000000019999999999999900
0.0000000000000000000000000
0.0000000000000000000000000
0.0000000035205596982911300
0.0000000184794403017089000
0.0000000000000000000000000
0.0000000202919238846815000
0.0000000197080761153185000
0.0000000000000000000000000
0.0000000000000000000000000
0.0000000021570876271117000
0.0000000048429123728882900
0.0000000000000000000000000
0.0000000058646195621850000
0.0000000373917450535960000
0.0000000043303994862972300
0.0000000024132358979218100
0.0000000034350789971329100
0.0000000085649210028670800
0.0000000053662503478073700
0.0000000046337496521926300
0.0000000000000000000000000
0.0000000000000000000000000
0.0000000019999999999999900
0.0000000060000000000000100
0.0000000097929510849271800
0.0000000052070489150728200
0.0000000095487427496229000
0.0000000024512572503771000
0.0000000011708984542049100
0.0000000052506811638899400
0.0000000128378815342570000
0.0000000107405388476482000
0.0000000038171269653008700
0.0000000131828730346991000
0.0000000000000000000000000
0.0000000065928141464159000
0.0000000015493977169190700
0.0000000097859400552241700
0.0000000000718480814408906
0.0000000308867896913000000
0.0000000144958918093939000
0.0000000116173184993060000
0.0000000391889961421123000
0.0000000061438772282741600
0.0000000144586464732308000
0.0000000062084801563826600
0.0000000152683026144026000
0.0000000157316973855974000
0.0000000079239719778990300
0.0000000095557065880103700
0.0000000128808944152324000
0.0000000128805109493417000
0.0000000164937613821535000
0.0000000042651546873630500
0.0000000097681513330600500
0.0000000022318486669399800
0.0000000000000000000000000
0.0000000010000000000000000
0.0000000010000000000000000
0.0000000015666941257056900
0.0000000004333058742943100
0.0000000103876181599221000
0.0000000016123818400778700
0.0000000000000000000000000
0.0000000032038821534994100
0.0000000132912077488055000
0.0000000125049100976951000
0.0000000020000000000000000
0.0000000084707351579829800
0.0000000165627616537917000
0.0000000163030530660924000
0.0000000094215606119173000
0.0000000032418895102156100
0.0000000054019063653339900
0.0000000100103172287843000
0.0000000075877764058816900
0.0000000060000000000000000
0.0000000000000000000000000
0.0000000067355176760936400
0.0000000112644823239064000
0.0000000006980061655836240
0.0000000093019938344163800
0.0000000058860483117411600
0.0000000091139516882588400
0.0000000000000000000000000
0.0000000000000000000000000
0.0000000031226987063559600
0.0000000073680501674914500
0.0000000088015862288391500
0.0000000057076648973134400
0.0000000005367721027580070
0.0000000137406677861624000
0.0000000027225601110795900
0.0000000052014757281553500
0.0000000110598727061179000
0.0000000047386515657267500
0.0000000009999999999999790
0.0000000017823525418103300
0.0000000080477305701766600
0.0000000041699168880130300
0.0000000016105199395506300
0.0000000013894800604493400
0.0000000090000000000000200
0.0000000108398892741417000
0.0000000056081222843682700
0.0000000130929621876544000
0.0000000132644375108741000
0.0000000032013157187848400
0.0000000065563510394497000
0.0000000169645702034104000
0.0000000104734354346417000
0.0000000083428967985067700
0.0000000079228926214647500
0.0000000180161898881844000
0.0000000127169370385189000
0.0000000029999999999999700
0.0000000127452113308276000
0.0000000122649407686080000
0.0000000094010414760248300
0.0000000184422564793388000
0.0000000354152424681917000
0.0000000177313074770092000
0.0000000039873223333942300
0.0000000060126776666057700
0.0000000377703098788874000
0.0000000241403785593438000
0.0000000080893115617688200
0.0000000002734054889833710
0.0000000219036633340259000
0.0000000000000000000000000
0.0000000009622773437696500
0.0000000065532767559291000
0.0000000034844459003012600
0.0000000090275540803047700
0.0000000150524994672187000
0.0000000126322804967413000
0.0000000176702859689479000
0.0000000216173799867874000
0.0000000000000000000000000
0.0000000000000000000000000
0.0000000000000000000000000
0.0000000000000000000000000
0.0000000056752467411177300
0.0000000003247532588822820
0.0000000005509338189708580
0.0000000154619017767095000
0.0000000340226276649407000
0.0000000019645367393789200
0.0000000015642118557107800
0.0000000134357881442892000
0.0000000000000000000000000
0.0000000128244871453831000
0.0000000170818466806420000
0.0000000218061150777282000
0.0000000315377337987511000
0.0000000097498172974956500
0.0000000150000000000000000
0.0000000050000000000000000
0.0000000000000000000000000
0.0000000089999999999999900
0.0000000118791909911635000
0.0000000108272634784907000
0.0000000059488793309168400
0.0000000026040919658230500
0.0000000070382956893477600
0.0000000103023320307234000
0.0000000089213110788546100
0.0000000129018897264299000
0.0000000119103836670161000
0.0000000107471003702789000
0.0000000099192616709552100
0.0000000015515014093590200
0.0000000014484985906409500
0.0000000040000000000000600
0.0000000044820708438057700
0.0000000082608666461508300
0.0000000022570625100434000
0.0000000133820994875681000
0.0000000132249622091885000
0.0000000283520913050415000
0.0000000138170945264094000
0.0000000249676437914388000
0.0000000264273768063892000
0.0000000048287318739645000
0.0000000149893931501289000
0.0000000121162529086112000
0.0000000380504096823042000
0.0000000185900173942143000
0.0000000137328378807991000
0.0000000000000000000000000
0.0000000000000000000000000
0.0000000000000000000000000
0.0000000010092968178099300
0.0000000029907031821900700
0.0000000040000000000000000
0.0000000007086448734493240
0.0000000112913551265507000
0.0000000069898023051675500
0.0000000040101976948324500
0.0000000070000000000000000
0.0000000145225135354290000
0.0000000039797101036879600
0.0000000074822180855554200
0.0000000054699807800612300
0.0000000015455774952664300
0.0000000000000000000000000
0.0000000115564151218800000
0.0000000124435848781200000
0.0000000042922180904903400
0.0000000057618722586685700
0.0000000119459096508411000
0.0000000050000000000000000
0.0000000000000000000000000
0.0000000038933909926924300
0.0000000051066090073075700
0.0000000036030329246762900
0.0000000093708783105778300
0.0000000120260887647459000
0.0000000125973789672486000
0.0000000014026210327514100
0.0000000037496309828762600
0.0000000072503690171237500
0.0000000019999999999999900
0.0000000159146727855864000
0.0000000090853272144135700
0.0000000016480798350100300
0.0000000151081243869202000
0.0000000212437957780697000
0.0000000110000000000000000
0.0000000000000000000000000
0.0000000019999999999999900
0.0000000030000000000000100
0.0000000012236731415673700
0.0000000079367842820595400
0.0000000038395425763731000
0.0000000104354260929682000
0.0000000204735209788598000
0.0000000159949634369993000
0.0000000070960894911726800
0.0000000152514845322531000
0.0000000090799703628673700
0.0000000162406959074748000
0.0000000074677163871658100
0.0000000175670159623740000
0.0000000043931168478648900
0.0000000000000000000000000
0.0000000070000000000000300
0.0000000130918171622147000
0.0000000064766645148484500
0.0000000224315183229368000
0.0000000081112988716357400
0.0000000018887011283642600
0.0000000083902040030793000
0.0000000116097959969207000
0.0000000000000000000000000
0.0000000386112128468799000
0.0000000000000000000000000
0.0000000000000000000000000
0.0000000007503298401688780
0.0000000096204161414087200
0.0000000183303637786067000
0.0000000002988902398156590
0.0000000090996655361672000
0.0000000142251181376639000
0.0000000051292046084187400
0.0000000043099757623921200
0.0000000032360359553580400
0.0000000061991149046629700
0.0000000028008850953370300
0.0000000060013675412952600
0.0000000059986324587047300
0.0000000203173724173832000
0.0000000051394346915985300
0.0000000065431928910182800
0.0000000019999999999999900
0.0000000062343311506080400
0.0000000067656688493919700
0.0000000029999999999999900
0.0000000060000000000000000
0.0000000000000000000000000
0.0000000151162062900890000
0.0000000048837937099110300
0.0000000080000000000000100
0.0000000054610094480358000
0.0000000080028319745840200
0.0000000072745186779681200
0.0000000012616398994120500
0.0000000000000000000000000
0.0000000057071991094676700
0.0000000092928008905323300
0.0000000035700725571227200
0.0000000025837650117582100
0.0000000038461624311190700
0.0000000031729401917907700
0.0000000082846034577438100
0.0000000038167884258401200
0.0000000055672362083529900
0.0000000021584317162723100
0.0000000019999999999999900
0.0000000049425219251430300
0.0000000070574780748569700
0.0000000026727608714140100
0.0000000013272391285860200
0.0000000000000000000000000
0.0000000005832485278143200
0.0000000064167514721856700
0.0000000030302900606534800
0.0000000111894728001514000
0.0000000047802371391951200
0.0000000130000000000000000
0.0000000127482100238663000
0.0000000302517899761337000
0.0000000155429706741979000
0.0000000114570293258021000
0.0000000029664282820945700
0.0000000155555532576803000
0.0000000094396957296159200
0.0000000162795153515372000
0.0000000115956066594416000
0.0000000266609660494677000
0.0000000215340441280490000
0.0000000130857388541659000
0.0000000028824516879478100
0.0000000347958206637769000
0.0000000104935980005053000
0.0000000140547128905205000
0.0000000249812275096288000
0.0000000256596427690852000
0.0000000150149981664833000
0.0000000080000000000000000
0.0000000050000000000000000
0.0000000000000000000000000
0.0000000020000000000000000
0.0000000040000000000000000
0.0000000024649206026518500
0.0000000146603224343384000
0.0000000178747569630098000
0.0000000009002735508246400
0.0000000091117401902056300
0.0000000102557648850734000
0.0000000140008021571730000
0.0000000098209303928253000
0.0000000097778620335863500
0.0000000228664839154732000
0.0000000132661428748385000
0.0000000092155606334190800
0.0000000161825069930416000
0.0000000097119542613472400
0.0000000172532343713226000
0.0000000046367437408694900
0.0000000094033476694176300
0.0000000065966523305823400
0.0000000000000000000000000
0.0000000000000000000000000
0.0000000042975275181149500
0.0000000047024724818850700
0.0000000089617881265395000
0.0000000084359676464392000
0.0000000036022442270212800
0.0000000000000000000000000
0.0000000000000000000000000
0.0000000092301211817548900
0.0000000057698788182451100
0.0000000000000000000000000
0.0000000007172637709043880
0.0000000072827362290956200
0.0000000010000000000000100
0.0000000019999999999999900
0.0000000059999999999999800
0.0000000020000000000000300
0.0000000006876711541776000
0.0000000144997873737923000
0.0000000035589398981264300
0.0000000082473897507335900
0.0000000040501820322792200
0.0000000169560297908908000
0.0000000040345792418084900
0.0000000049296276276933800
0.0000000020357931304981500
0.0000000069698036226686400
0.0000000118882903278672000
0.0000000078936712715962900
0.0000000115150156093998000
0.0000000117332191684680000
0.0000000023301993622791200
0.0000000196698006377209000
0.0000000009999999999999430
0.0000000103806385637996000
0.0000000101519024816207000
0.0000000034674589545797800
0.0000000130827979839924000
0.0000000162773010609315000
0.0000000113898684619429000
0.0000000328232527763846000
0.0000000083706528605927800
0.0000000074577194179804700
0.0000000125984074381752000
0.0000000086610372279232500
0.0000000396194359676443000
0.0000000316320641689654000
0.0000000130874626354670000
0.0000000140000000000000000
0.0000000030000000000000000
0.0000000000000000000000000
0.0000000000000000000000000
0.0000000000000000000000000
0.0000000000000000000000000
0.0000000070000000000000000
0.0000000001446020235726970
0.0000000078553979764273000
0.0000000077347711120504100
0.0000000012652288879495900
0.0000000079782635182883800
0.0000000184768510701712000
0.0000000095448854115404600
0.0000000062428855531256700
0.0000000107571144468743000
0.0000000000000000000000000
0.0000000475721767794752000
0.0000000049854022287629700
0.0000000044078915123727900
0.0000000141714091801073000
0.0000000088631202992817700
0.0000000069999999999999900
0.0000000141353257101221000
0.0000000158646742898779000
0.0000000089999999999999900
0.0000000071163457177023700
0.0000000101374609101154000
0.0000000057461933721822000
0.0000000094646411388651000
0.0000000065088082800906100
0.0000000060265505810442800
0.0000000038857779889616100
0.0000000079843973111015400
0.0000000021298246999368700
0.0000000088672866098220400
0.0000000141327133901779000
0.0000000016243374507358200
0.0000000003756625492642130
0.0000000126051057640464000
0.0000000013948942359535400
0.0000000000000000000000000
0.0000000110000000000000000
0.0000000029999999999999700
0.0000000052713936976228100
0.0000000038125563683735900
0.0000000168208751439280000
0.0000000138471036951017000
0.0000000122480710949739000
0.0000000111681572229091000
0.0000000037680283535954100
0.0000000170638144234955000
0.0000000148284129679541000
0.0000000170972221161517000
0.0000000104851936865433000
0.0000000117446561184099000
0.0000000082637786453674500
0.0000000077302147279995400
0.0000000132046370845264000
0.0000000138180075660932000
0.0000000279823678222312000
0.0000000200164424754673000
0.0000000000000000000000000
0.0000000000000000000000000
0.0000000000000000000000000
0.0000000000000000000000000
0.0000000000000000000000000
0.0000000019334900769839900
0.0000000070665099230160100
0.0000000000000000000000000
0.0000000033113492644611600
0.0000000043256625641099300
0.0000000024750383673831500
0.0000000085222887311967900
0.0000000043656610728489700
0.0000000000000000000000000
0.0000000140000000000000000
0.0000000059791295466152200
0.0000000060208704533847800
0.0000000007771469244913740
0.0000000110435906301554000
0.0000000086087358003613700
0.0000000065705266449918900
0.0000000040000000000000000
0.0000000035539014825701500
0.0000000032687787834212800
0.0000000027218634123016000
0.0000000034554563217069600
0.0000000093455002858776500
0.0000000163677287475980000
0.0000000065239812919927700
0.0000000075697442015674300
0.0000000123800102175518000
0.0000000078130352554123800
0.0000000066726165880284000
0.0000000080580166866080200
0.0000000116079785379337000
0.0000000036613881874298600
0.0000000085856902517220800
0.0000000064143097482779200
0.0000000145369724610683000
0.0000000314630275389317000
0.0000000099832892143715000
0.0000000150261235599775000
0.0000000119766399476837000
0.0000000090522944152017400
0.0000000069616528627655300
0.0000000142818550348630000
0.0000000227302443658665000
0.0000000069879005992704900
0.0000000014428186615313600
0.0000000215571813384686000
0.0000000022755030832989600
0.0000000088328111620346300
0.0000000251055542124391000
0.0000000107861315422274000
0.0000000144253672307621000
0.0000000165746327692379000
0.0000000112061761038241000
0.0000000183832315426076000
0.0000000350243825907346000
0.0000000000000000000000000
0.0000000000000000000000000
0.0000000000000000000000000
0.0000000000000000000000000
0.0000000000000000000000000
0.0000000000000000000000000
0.0000000012861556582404600
0.0000000027060022037963200
0.0000000010078421379632200
0.0000000005774591290012370
0.0000000054225408709987600
0.0000000051111147316628100
0.0000000038888852683371900
0.0000000008880414998785470
0.0000000021119585001214500
0.0000000000624553260495997
0.0000000065590432949239000
0.0000000045083861557634700
0.0000000048701152232630300
0.0000000000241647310431858
0.0000000025439150833592100
0.0000000014319201855976000
0.0000000051167049586223800
0.0000000068832950413776200
0.0000000031214734175850800
0.0000000018785265824149200
0.0000000107075896151270000
0.0000000019156218510231100
0.0000000063767885338498900
0.0000000043432273150246900
0.0000000146525022547454000
0.0000000086877459186244200
0.0000000163165245116055000
0.0000000023232707551105500
0.0000000092461808318837800
0.0000000104305484130057000
0.0000000000000000000000000
0.0000000000000000000000000
0.0000000025715378011852900
0.0000000054937126488178300
0.0000000069347495499968800
0.0000000030000000000000100
0.0000000123052998431013000
0.0000000208791619689401000
0.0000000133518511952322000
0.0000000106176028085783000
0.0000000090593540892559300
0.0000000062668862270059100
0.0000000045050570200489300
0.0000000177506976645086000
0.0000000139881143478245000
0.0000000092759748355043200
0.0000000240118690994916000
0.0000000209881309005084000
0.0000000050000000000000000
0.0000000229178421012855000
0.0000000222827670933026000
0.0000000057993908054119500
0.0000000101281216668505000
0.0000000123146820455750000
0.0000000202447244731735000
0.0000000462102380829739000
0.0000000193685653334688000
0.0000000040328010740155600
0.0000000066819164057592400
0.0000000063798591974391700
0.0000000076525494629761900
0.0000000042528738598098300
0.0000000000000000000000000
0.0000000030877245067411900
0.0000000019122754932588100
0.0000000010216560932673500
0.0000000089783439067326500
0.0000000009839122910052200
0.0000000164801012568356000
0.0000000094425299068338800
0.0000000126188045397245000
0.0000000184541961737184000
0.0000000090984520968500200
0.0000000099387937413286500
0.0000000079832099937037500
0.0000000056896403496202900
0.0000000130305066995493000
0.0000000076840813937999800
0.0000000124993609352371000
0.0000000000964106217933391
0.0000000030000000000000100
0.0000000177627144467806000
0.0000000042372855532193700
0.0000000069999999999999900
0.0000000049228879143557300
0.0000000096462349626946400
0.0000000014308771229496400
0.0000000085421664868560400
0.0000000124578335131439000
0.0000000237861250026011000
0.0000000132138749973990000
0.0000000000000000000000000
0.0000000000000000000000000
0.0000000041693609470016600
0.0000000130291085602734000
0.0000000056586470871428300
0.0000000078041041805874300
0.0000000120122352202401000
0.0000000109992327274953000
0.0000000064181881942864300
0.0000000441733217987243000
0.0000000065358172204241800
0.0000000344392437377351000
0.0000000158070546674855000
0.0000000189536856586037000
0.0000000076369567075313000
0.0000000149094087132520000
0.0000000082447626312406200
0.0000000049839965238502500
0.0000000055594662185309600
0.0000000016654092055948400
0.0000000000000000000000000
0.0000000060000000000000000
0.0000000000000000000000000
0.0000000000000000000000000
0.0000000000000000000000000
0.0000000000000000000000000
0.0000000000000000000000000
0.0000000163917535648794000
0.0000000176082464351206000
0.0000000009999999999999960
0.0000000076099708110413200
0.0000000091179686501935300
0.0000000135752165980502000
0.0000000056968439407149200
0.0000000067745737402029900
0.0000000230026977838258000
0.0000000031014992876332100
0.0000000121212291883380000
0.0000000066907009625655300
0.0000000103092990374345000
0.0000000000000000000000000
0.0000000050000000000000000
0.0000000068691034254318600
0.0000000031308965745681400
0.0000000009999999999999960
0.0000000053556871668233100
0.0000000051289397890179700
0.0000000118421560636456000
0.0000000056732169805130900
0.0000000000000000000000000
0.0000000122715644894247000
0.0000000055335248969499100
0.0000000108588131188931000
0.0000000073360974947323100
0.0000000029304613297150800
0.0000000085754002367224700
0.0000000092961384998996600
0.0000000089917668103504800
0.0000000066559978848724200
0.0000000075502352384399200
0.0000000080366322934907300
0.0000000049633677065092700
0.0000000082523395085699400
0.0000000204815245237130000
0.0000000042661359677170200
0.0000000220000000000000000
0.0000000074464406613086000
0.0000000040566880578796100
0.0000000385068225755312000
0.0000000048946155587283600
0.0000000106992815146493000
0.0000000143961516319029000
0.0000000101448491230618000
0.0000000257390469305652000
0.0000000209319451814586000
0.0000000092038203401352800
0.0000000094219010557345200
0.0000000140886221193880000
0.0000000037654228035615500
0.0000000145999580633740000
0.0000000080590652382787900
0.0000000082246267835545700
0.0000000048207423608877800
0.0000000109257326053199000
0.0000000000000000000000000
0.0000000000000000000000000
0.0000000001316192997726650
0.0000000022784243441483600
0.0000000005899563560789740
0.0000000010000000000000000
0.0000000000000000000000000
0.0000000050000000000000000
0.0000000010000000000000000
0.0000000030000000000000000
0.0000000005284144757625750
0.0000000084715855242374300
0.0000000030000000000000000
0.0000000000000000000000000
0.0000000084406349054173100
0.0000000072236615747671000
0.0000000033357035198155900
0.0000000001935004187077280
0.0000000024833116890508500
0.0000000133231878922414000
0.0000000021983063860019000
0.0000000128016936139981000
0.0000000065160977971435400
0.0000000074839022028564600
0.0000000050000000000000000
0.0000000067366933342470000
0.0000000091371459256800100
0.0000000166498029382278000
0.0000000072762465479877000
0.0000000102995268356086000
0.0000000159871680121020000
0.0000000061968082752440200
0.0000000189190077473788000
0.0000000168289962880864000
0.0000000127365898771789000
0.0000000092320142182586900
0.0000000080000000000000100
0.0000000030000000000000100
0.0000000029175711683502200
0.0000000073014997642142300
0.0000000056321777807563200
0.0000000061487512866792200
0.0000000173632376589835000
0.0000000322069978062894000
0.0000000175728350376922000
0.0000000257914374050780000
0.0000000178408629775736000
0.0000000269563438505798000
0.0000000247022351147146000
0.0000000141817079908262000
0.0000000112606236704633000
0.0000000091237184877995500
0.0000000000000000000000000
0.0000000000000000000000000
0.0000000020000000000000000
0.0000000030000000000000000
0.0000000015946577093700200
0.0000000021801171407041600
0.0000000122252251499258000
0.0000000000000000000000000
0.0000000033728965279528300
0.0000000016271034720471700
0.0000000020298726633048900
0.0000000149701273366951000
0.0000000000000000000000000
0.0000000035294344818853800
0.0000000052677220620189900
0.0000000022028434560956400
0.0000000000000000000000000
0.0000000030658074000552500
0.0000000009341925999447480
0.0000000055781842108737800
0.0000000054218157891262200
0.0000000030000000000000000
0.0000000039999999999999900
0.0000000080000000000000100
0.0000000062519837688989300
0.0000000037480162311010700
0.0000000181753617156707000
0.0000000248246382843293000
0.0000000055614062832638900
0.0000000124908916109126000
0.0000000133736081319508000
0.0000000119659083695466000
0.0000000089159358632958800
0.0000000103011509739255000
0.0000000081252428681410300
0.0000000076278941604465400
0.0000000239476427719756000
0.0000000130663911804927000
0.0000000047430977966681500
0.0000000068808299893807900
0.0000000021901832407352400
0.0000000075967020051664100
0.0000000082131147540983600
0.0000000000000000000000000
0.0000000177070436266147000
0.0000000418698102867267000
0.0000000164231460866586000
0.0000000296096368876748000
0.0000000103903631123252000
0.0000000158197261054112000
0.0000000342424852137524000
0.0000000260815168868637000
0.0000000171490925036749000
0.0000000000000000000000000
0.0000000000000000000000000
0.0000000000000000000000000
0.0000000027124552679899700
0.0000000035353258594371700
0.0000000072530486381466500
0.0000000034991702344262100
0.0000000000000000000000000
0.0000000316795515931556000
0.0000000126053860579173000
0.0000000108894728863561000
0.0000000058255894625710100
0.0000000210000000000000000
0.0000000046866357026554400
0.0000000053133642973445600
0.0000000021794609271572800
0.0000000161834094297067000
0.0000000173310407366929000
0.0000000283060889064431000
0.0000000153786441310023000
0.0000000046213558689977300
0.0000000160034357434177000
0.0000000314584274506292000
0.0000000337038678169410000
0.0000000148342689890120000
0.0000000000000000000000000
0.0000000118838935925410000
0.0000000127508204969551000
0.0000000053652859105038800
0.0000000149298985345180000
0.0000000250558285998974000
0.0000000148909578550138000
0.0000000211392307078854000
0.0000000059261477366569400
0.0000000000579365660285447
0.0000000000000000000000000
0.0000000000000000000000000
0.0000000130000000000000000
0.0000000018294082076916900
0.0000000021705917923083000
0.0000000019817528563977800
0.0000000092917521843694600
0.0000000017264949592328100
0.0000000078371765214809100
0.0000000076562624267802400
0.0000000045065610517388400
0.0000000109991819669151000
0.0000000075390644423922000
0.0000000044617535906926500
0.0000000020000000000000300
0.0000000084488081435051800
0.0000000125511918564948000
0.0000000052891016762978200
0.0000000117108983237021000
0.0000000093893676871053300
0.0000000046106323128946500
0.0000000000000000000000000
0.0000000000000000000000000
0.0000000019169296199753100
0.0000000012486347026220100
0.0000000041619634288870700
0.0000000061670679215842000
0.0000000085054043269314200
0.0000000040000000000000000
0.0000000073933518005540100
0.0000000074712995001832100
0.0000000098566284349754200
0.0000000042787202642873600
0.0000000000000000000000000
0.0000000154590283308681000
0.0000000015409716691318700
0.0000000000000000000000000
0.0000000000000000000000000
0.0000000020000000000000000
0.0000000225050473627023000
0.0000000154949526372977000
0.0000000050245556701689900
0.0000000179754443298310000
0.0000000000000000000000000
0.0000000026968782138473400
0.0000000060309277031894700
0.0000000302721940829632000
0.0000000039353682824596300
0.0000000060646317175403700
0.0000000010000000000000100
0.0000000039999999999999900
0.0000000079727263571356800
0.0000000040272736428643400
0.0000000085077018674166600
0.0000000194922981325833000
0.0000000020002122960611100
0.0000000199523630735788000
0.0000000090553095695334200
0.0000000079921150608266700
0.0000000214241240483119000
0.0000000265494490132606000
0.0000000130264269384275000
0.0000000008454499603718090
0.0000000258396137137150000
0.0000000193149363259132000
0.0000000164109035732094000
0.0000000315015304725188000
0.0000000179943120551440000
0.0000000336461726879564000
0.0000000323494834189059000
0.0000000080000000000000000
0.0000000030000000000000000
0.0000000000000000000000000
0.0000000000000000000000000
0.0000000000000000000000000
0.0000000050000000000000000
0.0000000050000000000000000
0.0000000000000000000000000
0.0000000000000000000000000
0.0000000064769766238652900
0.0000000133848246272743000
0.0000000021381987488603800
0.0000000020000000000000000
0.0000000117224363110709000
0.0000000102775636889291000
0.0000000000000000000000000
0.0000000065884180568616300
0.0000000059274552081718400
0.0000000004841267349665300
0.0000000000000000000000000
0.0000000000000000000000000
0.0000000080000000000000100
0.0000000076216262074856700
0.0000000023783737925143300
0.0000000060653939369489900
0.0000000012129083794540600
0.0000000116576503208413000
0.0000000111101063104717000
0.0000000029539410522839500
0.0000000000000000000000000
0.0000000030000000000000100
0.0000000080227281853591800
0.0000000049772718146408000
0.0000000150000000000000000
0.0000000030000000000000100
0.0000000087944002656208300
0.0000000112055997343792000
0.0000000086376707303307400
0.0000000083623292696692500
0.0000000069999999999999900
0.0000000055104152861945000
0.0000000074895847138055100
0.0000000019999999999999900
0.0000000084331839801475200
0.0000000183085011904468000
0.0000000122583148294057000
0.0000000112877508805277000
0.0000000289111090639462000
0.0000000090534427526587900
0.0000000077226316636037100
0.0000000184939721493679000
0.0000000231452921422903000
0.0000000094937616655399600
0.0000000234957525498123000
0.0000000196943793676834000
0.0000000379037626296538000
0.0000000030358001304025400
0.0000000116656966413243000
0.0000000238181639042916000
0.0000000000000000000000000
0.0000000000000000000000000
0.0000000010000000000000000
0.0000000020000000000000000
0.0000000060000000000000000
0.0000000104876117907549000
0.0000000131611038140833000
0.0000000053512843951618200
0.0000000038525110033629200
0.0000000093171303341610600
0.0000000233197423657712000
0.0000000105106162967048000
0.0000000197108852428767000
0.0000000032891147571233100
0.0000000032579498321153400
0.0000000088488616742486000
0.0000000131904345724232000
0.0000000257027539212129000
0.0000000015373792037108700
0.0000000062972548476387800
0.0000000013715290540926600
0.0000000058240051266171000
0.0000000089698317679405900
0.0000000027810383061454000
0.0000000052189616938546000
0.0000000032587685466672400
0.0000000117412314533328000
0.0000000000000000000000000
0.0000000051536026827755400
0.0000000068463973172244500
0.0000000000000000000000000
0.0000000019999999999999900
0.0000000125941376480244000
0.0000000392046396960133000
0.0000000102012226559623000
0.0000000040000000000000200
0.0000000091526557534648800
0.0000000228473442465351000
0.0000000092466225277750500
0.0000000186360356503962000
0.0000000175292903340944000
0.0000000161099831172452000
0.0000000182112678947234000
0.0000000071897647133139500
0.0000000306765701516400000
0.0000000059542454368729400
0.0000000429181560472896000
0.0000000075280641266493100
0.0000000120000000000000000
0.0000000000000000000000000
0.0000000000000000000000000
0.0000000024112986749719000
0.0000000035887013250281000
0.0000000110000000000000000
0.0000000010000000000000000
0.0000000030000000000000000
0.0000000010000000000000000
0.0000000030291435767373400
0.0000000154911155986942000
0.0000000070360790535717000
0.0000000062685986694802300
0.0000000083619097544885400
0.0000000131581481788638000
0.0000000150979763139684000
0.0000000125344077415904000
0.0000000090226211126053200
0.0000000054003669903317700
0.0000000140702173742633000
0.0000000045294156354049200
0.0000000000000000000000000
0.0000000062457603676830500
0.0000000038001961831446000
0.0000000019540434491723600
0.0000000009587313503913290
0.0000000030412686496086600
0.0000000090000000000000200
0.0000000061231732123298200
0.0000000086839740876085300
0.0000000073328817677847300
0.0000000102315300033326000
0.0000000042569069389449900
0.0000000143715339899993000
0.0000000170845420822319000
0.0000000215624505760310000
0.0000000133126832571104000
0.0000000104362973712050000
0.0000000503367836401264000
0.0000000513312854622642000
0.0000000259359576110312000
0.0000000000000000000000000
0.0000000467418335225513000
0.0000000314615046887072000
0.0000000140885118985405000
0.0000000191526673430528000
0.0000000100815419589743000
0.0000000124739405881738000
0.0000000000000000000000000
0.0000000000000000000000000
0.0000000000702551801392318
0.0000000079297448198607700
0.0000000010000000000000000
0.0000000000000000000000000
0.0000000018669917985036600
0.0000000041330082014963400
0.0000000111620042472594000
0.0000000008379957527406300
0.0000000107869359923539000
0.0000000172130640076461000
0.0000000000000000000000000
0.0000000000000000000000000
0.0000000198001895352655000
0.0000000029124339599393000
0.0000000031538583585673000
0.0000000070347047006447000
0.0000000050988134455832100
0.0000000110000000000000000
0.0000000069999999999999900
0.0000000009999999999999960
0.0000000031234230587600500
0.0000000193887814757310000
0.0000000064877954655089300
0.0000000000000000000000000
0.0000000100185854741516000
0.0000000159814145258484000
0.0000000114070377124992000
0.0000000128713753657041000
0.0000000181540936889627000
0.0000000156231813380076000
0.0000000019443118948264600
0.0000000230000000000000000
0.0000000210342593829304000
0.0000000103814316850220000
0.0000000256186482601559000
0.0000000059656606718917600
0.0000000086683519142684800
0.0000000298835359169890000
0.0000000365087430621986000
0.0000000150595025525079000
0.0000000167110036764812000
0.0000000081688628775547300
0.0000000124809680282062000
0.0000000313443002135153000
0.0000000181327920752078000
0.0000000246004831315280000
0.0000000174414565515427000
0.0000000000000000000000000
0.0000000000000000000000000
0.0000000100000000000000000
0.0000000000000000000000000
0.0000000061618818005900500
0.0000000028381181994099500
0.0000000150000000000000000
0.0000000043930916257536400
0.0000000026069083742463600
0.0000000000000000000000000
0.0000000112531720416862000
0.0000000174197001078197000
0.0000000141538385365451000
0.0000000063681485025719200
0.0000000192727764605643000
0.0000000123478309126174000
0.0000000056242134197770900
0.0000000244895237654909000
0.0000000152919195908945000
0.0000000304698425798972000
0.0000000095169418292103500
0.0000000147920922529254000
0.0000000000000000000000000
0.0000000078698801647437500
0.0000000031301198352562700
0.0000000000000000000000000
0.0000000000000000000000000
0.0000000000000000000000000
0.0000000127139432939601000
0.0000000187890899390452000
0.0000000034969667669947000
0.0000000203017132298299000
0.0000000333818136745833000
0.0000000223164730955868000
0.0000000248745045247177000
0.0000000161254954752823000
0.0000000310000000000000000
0.0000000314913316304262000
0.0000000240000000000000000
0.0000000276362286244690000
0.0000000093637713755310300
0.0000000216390943430368000
0.0000000143074335307757000
0.0000000070534721261875100
0.0000000109531284972113000
0.0000000121886721006434000
0.0000000178966173299866000
0.0000000174087546168684000
0.0000000075528274552902300
0.0000000200000000000000000
0.0000000000000000000000000
0.0000000111476307860860000
0.0000000168523692139140000
0.0000000131379881831792000
0.0000000147027999567093000
0.0000000049018908604692500
0.0000000332573209996422000
0.0000000060000000000000100
0.0000000193606392349314000
0.0000000077851541762773700
0.0000000278542065887912000
0.0000000059965842550423100
0.0000000050034157449577100
0.0000000083455782534120700
0.0000000026544217465879400
0.0000000128675398365378000
0.0000000122063430015241000
0.0000000083345192212979700
0.0000000146629081341463000
0.0000000193527019371146000
0.0000000064634590488388000
0.0000000182382124305158000
0.0000000118743163900245000
0.0000000100207982740022000
0.0000000049792017259978400
0.0000000060000000000000100
0.0000000000000000000000000
0.0000000106949793066493000
0.0000000133050206933507000
0.0000000000000000000000000
0.0000000000000000000000000
0.0000000000000000000000000
0.0000000040000000000000000
0.0000000000000000000000000
0.0000000070000000000000000
0.0000000085003276677031200
0.0000000094996723322968800
0.0000000055153260542923000
0.0000000024846739457077000
0.0000000000000000000000000
0.0000000092714915375805400
0.0000000113201567955104000
0.0000000074083516669090300
0.0000000009889522466331880
0.0000000058337723128526900
0.0000000081772754405141200
0.0000000019999999999999900
0.0000000000000000000000000
0.0000000080000000000000100
0.0000000033268196930785100
0.0000000059540866803601700
0.0000000114301991072222000
0.0000000152241266912241000
0.0000000259884507769150000
0.0000000170763170512001000
0.0000000137880704041721000
0.0000000278744233840896000
0.0000000119365728309815000
0.0000000314325342644428000
0.0000000109683991163140000
0.0000000380451649860248000
0.0000000279548350139752000
0.0000000175264298536894000
0.0000000144735701463106000
0.0000000120009659222626000
0.0000000220913326648075000
0.0000000187635402321427000
0.0000000169722897701688000
0.0000000148768130276357000
0.0000000296668278479142000
0.0000000000000000000000000
0.0000000080785536996042100
0.0000000059214463003957900
0.0000000058739658191919800
0.0000000062130410975177300
0.0000000039129930832902900
0.0000000026407800593805600
0.0000000115465845899875000
0.0000000146056264537605000
0.0000000136372865485898000
0.0000000161045820751992000
0.0000000137590631022960000
0.0000000181303101684145000
0.0000000109774455439172000
0.0000000045983214584548200
0.0000000040000000000000000
0.0000000040000000000000000
0.0000000129742600568130000
0.0000000057143322595601400
0.0000000159025342712963000
0.0000000129884383404571000
0.0000000144358561697339000
0.0000000019845789021396600
0.0000000138651303564390000
0.0000000061348696435610300
0.0000000048620761912744500
0.0000000110509396368770000
0.0000000195980701872823000
0.0000000143645949680148000
0.0000000101813200832922000
0.0000000309429989332591000
0.0000000093840886392354200
0.0000000037484908617801700
0.0000000148402660878559000
0.0000000220271544111285000
0.0000000076088791708309600
0.0000000077123949241384800
0.0000000141516672745788000
0.0000000269089245745676000
0.0000000326134668206402000
0.0000000023208926612553700
0.0000000006791073387446340
0.0000000000000000000000000
0.0000000000000000000000000
0.0000000000000000000000000
0.0000000031172992817238600
0.0000000140023231235078000
0.0000000118803775947683000
0.0000000000000000000000000
0.0000000052547112115009800
0.0000000098579272085040800
0.0000000058873615799949300
0.0000000113383633881068000
0.0000000037766931807879300
0.0000000049383255933902700
0.0000000039466178377150200
0.0000000035361179814684800
0.0000000034638820185315200
0.0000000009999999999999960
0.0000000034940239874847900
0.0000000068724927430214100
0.0000000270799228257802000
0.0000000185535604437136000
0.0000000136421018178156000
0.0000000262417632797217000
0.0000000271308704995254000
0.0000000174293032732683000
0.0000000158486206562290000
0.0000000214050961100277000
0.0000000481970807545603000
0.0000000149544848758202000
0.0000000296300052621235000
0.0000000291109557778120000
0.0000000372404960984001000
0.0000000203722060067771000
0.0000000330867785184300000
0.0000000116670814318820000
0.0000000071011031936158200
0.0000000048988968063841800
0.0000000000000000000000000
0.0000000038931218707169000
0.0000000172698874711640000
0.0000000048369906581190600
0.0000000020000000000000000
0.0000000120000000000000000
0.0000000000000000000000000
0.0000000064681774830828000
0.0000000241637316453116000
0.0000000082287005264507800
0.0000000175398343817434000
0.0000000005995559634113870
0.0000000180806870570879000
0.0000000149193129429121000
0.0000000004379175671437170
0.0000000136874180149326000
0.0000000183486603180072000
0.0000000102556379224470000
0.0000000346244873038679000
0.0000000140071752505832000
0.0000000171617710644694000
0.0000000086208123641168700
0.0000000148561201944322000
0.0000000203295877815008000
0.0000000136704122184992000
0.0000000169431077233906000
0.0000000163546041675362000
0.0000000171102965799869000
0.0000000023502942657530900
0.0000000257956132190124000
0.0000000074460840443208600
0.0000000301018371184724000
0.0000000190000000000000000
0.0000000140028330180409000
0.0000000173050232706296000
0.0000000204923383537153000
0.0000000123514168671622000
0.0000000149417579609775000
0.0000000109066305294744000
0.0000000094974046131450000
0.0000000135571312787578000
0.0000000167572475893280000
0.0000000145753108060254000
0.0000000167306502137651000
0.0000000048822554989788000
0.0000000148708111065518000
0.0000000147490884733232000
0.0000000235368652509127000
0.0000000169796943392993000
0.0000000223833069251620000
0.0000000215841481549185000
0.0000000206303212810735000
0.0000000238793854091371000
0.0000000165093831906276000
0.0000000149000656164111000
0.0000000133849626386507000
0.0000000146604773796537000
0.0000000160083970816285000
0.0000000211956612254350000
0.0000000270830214260219000
0.0000000296444105011933000
0.0000000000000000000000000
0.0000000000000000000000000
0.0000000055324993636818200
0.0000000114675006363182000
0.0000000039999999999999900
0.0000000000000000000000000
0.0000000000000000000000000
0.0000000000000000000000000
0.0000000030497668540550000
0.0000000009502331459450040
0.0000000130000000000000000
0.0000000000000000000000000
0.0000000037943483531359500
0.0000000062056516468640500
0.0000000020000000000000000
0.0000000178943260713431000
0.0000000136617959727769000
0.0000000093677292240051000
0.0000000142552746551544000
0.0000000312738933191251000
0.0000000134044273353154000
0.0000000190362657553556000
0.0000000041062876669244900
0.0000000173795435911451000
0.0000000306204564088549000
0.0000000072396005982940500
0.0000000049724424395213200
0.0000000355270826332704000
0.0000000275376811772297000
0.0000000243272028735554000
0.0000000247622435032837000
0.0000000099477463034807600
0.0000000133393671041396000
0.0000000121223773328762000
0.0000000315299917674370000
0.0000000365416549073502000
0.0000000156182393648142000
0.0000000255343699947475000
0.0000000100529461459897000
0.0000000000000000000000000
0.0000000002441841803442320
0.0000000027558158196557700
0.0000000010000000000000000
0.0000000125987964453152000
0.0000000074012035546847700
0.0000000082693278546959100
0.0000000145273903143879000
0.0000000177827646674758000
0.0000000095904992276829800
0.0000000173422120878662000
0.0000000104878058478912000
0.0000000033029876686253500
0.0000000199040520871382000
0.0000000139877046259567000
0.0000000036565345682839700
0.0000000161487210499958000
0.0000000014924374273461000
0.0000000225075625726539000
0.0000000160000000000000000
0.0000000172981079442086000
0.0000000107018920557914000
0.0000000073966730269738800
0.0000000155333122143463000
0.0000000110700147586799000
0.0000000000000000000000000
0.0000000383647925584458000
0.0000000096352074415541400
0.0000000059001404856790900
0.0000000150998595143209000
0.0000000000000000000000000
0.0000000190728614892301000
0.0000000119547881764254000
0.0000000428419717406706000
0.0000000153991648123635000
0.0000000173510923033719000
0.0000000083801214779384000
0.0000000031906548690515400
0.0000000078093451309484600
0.0000000000000000000000000
0.0000000104643633996475000
0.0000000239810567538792000
0.0000000115545798464733000
0.0000000033712261509970300
0.0000000228712354166179000
0.0000000167575384323851000
0.0000000151391142273897000
0.0000000303393758500354000
0.0000000034709166447019300
0.0000000286869385696759000
0.0000000215008379684382000
0.0000000141664145914604000
0.0000000229880081048834000
0.0000000433240865183395000
0.0000000199925843212235000
0.0000000263917232038519000
0.0000000185376978731799000
0.0000000375117673840552000
0.0000000413985312665552000
0.0000000426106339139961000
0.0000000320817448631214000
0.0000000289067653095361000
0.0000000296882990994384000
0.0000000124704069974491000
0.0000000005295930025508850
0.0000000035577617438674400
0.0000000064422382561325600
0.0000000047208261665553500
0.0000000092248400341835200
0.0000000170543337992611000
0.0000000186256260889690000
0.0000000063743739110309600
0.0000000093223634235972800
0.0000000031958374479621600
0.0000000324011741284406000
0.0000000130806250000000000
0.0000000115180839508043000
0.0000000044819160491957400
0.0000000170000000000000000
0.0000000061716292563750100
0.0000000078283707436250100
0.0000000120096382952878000
0.0000000163340944366825000
0.0000000130095312485180000
0.0000000152870429215029000
0.0000000260991599939675000
0.0000000222605331040413000
0.0000000274932924436080000
0.0000000341199674663610000
0.0000000123867400900310000
0.0000000428330082718585000
0.0000000263512267094445000
0.0000000000000000000000000
0.0000000000000000000000000
0.0000000000000000000000000
0.0000000060152941323273100
0.0000000080929825704151400
0.0000000118917232972576000
0.0000000009309216906310790
0.0000000110027960712345000
0.0000000100662822381345000
0.0000000029915211349575500
0.0000000137231484388049000
0.0000000062853304262375600
0.0000000000000000000000000
0.0000000112506689828828000
0.0000000017493310171171900
0.0000000158141097977843000
0.0000000111858902022157000
0.0000000146481812269275000
0.0000000092871034525869000
0.0000000010647153204855500
0.0000000270719330668615000
0.0000000191632907319593000
0.0000000260870460084598000
0.0000000416777301927195000
0.0000000159181475170399000
0.0000000426551178305681000
0.0000000420322050107803000
0.0000000366522720807070000
0.0000000251319070039451000
0.0000000116103505569596000
0.0000000070276543029949700
0.0000000195068548208918000
0.0000000174978966428087000
0.0000000145764831221934000
0.0000000193911111111111000
0.0000000169461112568007000
0.0000000030538887431992700
0.0000000041810761965836800
0.0000000434648654762738000
0.0000000043540583271425100
0.0000000221520016889076000
0.0000000307348742581510000
0.0000000434405087101098000
0.0000000245621725124476000
0.0000000314808843538083000
0.0000000084101562957189600
0.0000000255668441951228000
0.0000000285375777917533000
0.0000000341296426099983000
0.0000000224757322383986000
0.0000000200670792532433000
0.0000000409840787544574000
